 6.01000000000000E+0002 1.31700000000000E+0003
 9.01000000000000E+0002 1.30100000000000E+0003
 1.80100000000000E+0003 1.25600000000000E+0003
 2.10100000000000E+0003 1.24500000000000E+0003
 2.40100000000000E+0003 1.23400000000000E+0003
 2.70100000000000E+0003 1.22500000000000E+0003
 3.60100000000000E+0003 1.20800000000000E+0003
 3.90100000000000E+0003 1.20700000000000E+0003
 4.20100000000000E+0003 1.20900000000000E+0003
 4.80100000000000E+0003 1.21600000000000E+0003
 5.10100000000000E+0003 1.22500000000000E+0003
 5.40100000000000E+0003 1.23200000000000E+0003
 5.70100000000000E+0003 1.24300000000000E+0003
 6.30100000000000E+0003 1.26800000000000E+0003
 6.60100000000000E+0003 1.28300000000000E+0003
 7.20100000000000E+0003 1.31300000000000E+0003
 7.50100000000000E+0003 1.33000000000000E+0003
 7.80100000000000E+0003 1.34500000000000E+0003
 8.10100000000000E+0003 1.36300000000000E+0003
 9.30100000000000E+0003 1.40900000000000E+0003
 9.60100000000000E+0003 1.41700000000000E+0003
 9.90100000000000E+0003 1.42500000000000E+0003
 1.02010000000000E+0004 1.42900000000000E+0003
 1.08010000000000E+0004 1.43300000000000E+0003
 1.20010000000000E+0004 1.41600000000000E+0003
 1.23010000000000E+0004 1.40500000000000E+0003
 1.26010000000000E+0004 1.39600000000000E+0003
 1.29010000000000E+0004 1.38600000000000E+0003
 1.32010000000000E+0004 1.36900000000000E+0003
 1.35010000000000E+0004 1.35500000000000E+0003
 1.38010000000000E+0004 1.34200000000000E+0003
 1.41010000000000E+0004 1.33000000000000E+0003
 1.47010000000000E+0004 1.29700000000000E+0003
 1.50010000000000E+0004 1.28300000000000E+0003
 1.53010000000000E+0004 1.27000000000000E+0003
 1.56010000000000E+0004 1.25600000000000E+0003
 1.59010000000000E+0004 1.24700000000000E+0003
 1.62010000000000E+0004 1.24000000000000E+0003
 1.65010000000000E+0004 1.22800000000000E+0003
 1.68010000000000E+0004 1.22400000000000E+0003
 1.71010000000000E+0004 1.21900000000000E+0003
 1.74010000000000E+0004 1.21700000000000E+0003
 1.80010000000000E+0004 1.21700000000000E+0003
 1.89010000000000E+0004 1.23200000000000E+0003
 1.92010000000000E+0004 1.24200000000000E+0003
 1.95010000000000E+0004 1.25300000000000E+0003
 1.98010000000000E+0004 1.26300000000000E+0003
 2.01010000000000E+0004 1.27600000000000E+0003
 2.07010000000000E+0004 1.30300000000000E+0003
 2.16010000000000E+0004 1.34700000000000E+0003
 2.19010000000000E+0004 1.35900000000000E+0003
 2.22010000000000E+0004 1.37000000000000E+0003
 2.25010000000000E+0004 1.38300000000000E+0003
 2.31010000000000E+0004 1.40100000000000E+0003
 2.34010000000000E+0004 1.41100000000000E+0003
 2.40010000000000E+0004 1.41600000000000E+0003
 2.64010000000000E+0004 1.38400000000000E+0003
 2.67010000000000E+0004 1.37600000000000E+0003
 2.73010000000000E+0004 1.36300000000000E+0003
 2.82010000000000E+0004 1.33600000000000E+0003
 2.85010000000000E+0004 1.32700000000000E+0003
 2.91010000000000E+0004 1.30500000000000E+0003
 3.00010000000000E+0004 1.28100000000000E+0003
 3.03010000000000E+0004 1.27500000000000E+0003
 3.06010000000000E+0004 1.26800000000000E+0003
 3.09010000000000E+0004 1.26200000000000E+0003
 3.12010000000000E+0004 1.25900000000000E+0003
 3.15010000000000E+0004 1.25600000000000E+0003
 3.18010000000000E+0004 1.25300000000000E+0003
 3.21010000000000E+0004 1.25300000000000E+0003
 3.24010000000000E+0004 1.25400000000000E+0003
 3.27010000000000E+0004 1.25300000000000E+0003
 3.30010000000000E+0004 1.26100000000000E+0003
 3.33010000000000E+0004 1.27100000000000E+0003
 3.36010000000000E+0004 1.27800000000000E+0003
 3.42010000000000E+0004 1.30000000000000E+0003
 3.48010000000000E+0004 1.32600000000000E+0003
 3.54010000000000E+0004 1.34700000000000E+0003
 3.57010000000000E+0004 1.35200000000000E+0003
 3.60010000000000E+0004 1.36800000000000E+0003
 3.63010000000000E+0004 1.37600000000000E+0003
 3.66010000000000E+0004 1.37800000000000E+0003
 3.75010000000000E+0004 1.39600000000000E+0003
 3.81010000000000E+0004 1.39500000000000E+0003
 3.84010000000000E+0004 1.39800000000000E+0003
 3.87010000000000E+0004 1.39600000000000E+0003
 3.90010000000000E+0004 1.39200000000000E+0003
 3.93010000000000E+0004 1.39100000000000E+0003
 3.99010000000000E+0004 1.37000000000000E+0003
 4.08010000000000E+0004 1.34900000000000E+0003
 4.11010000000000E+0004 1.33600000000000E+0003
 4.14010000000000E+0004 1.32600000000000E+0003
 4.17010000000000E+0004 1.31200000000000E+0003
 4.20010000000000E+0004 1.30200000000000E+0003
 4.23010000000000E+0004 1.29300000000000E+0003
 4.26010000000000E+0004 1.28400000000000E+0003
 4.29010000000000E+0004 1.27500000000000E+0003
 4.32010000000000E+0004 1.26700000000000E+0003
 4.35010000000000E+0004 1.26100000000000E+0003
 4.38010000000000E+0004 1.25700000000000E+0003
 4.41010000000000E+0004 1.25400000000000E+0003
 4.44010000000000E+0004 1.24900000000000E+0003
 4.47010000000000E+0004 1.24800000000000E+0003
 4.50010000000000E+0004 1.24700000000000E+0003
 4.53010000000000E+0004 1.24900000000000E+0003
 4.56010000000000E+0004 1.25000000000000E+0003
 4.59010000000000E+0004 1.25300000000000E+0003
 4.62010000000000E+0004 1.26500000000000E+0003
 4.65010000000000E+0004 1.26400000000000E+0003
 4.68010000000000E+0004 1.27200000000000E+0003
 4.71010000000000E+0004 1.28100000000000E+0003
 4.74010000000000E+0004 1.28900000000000E+0003
 4.77010000000000E+0004 1.29800000000000E+0003
 4.80010000000000E+0004 1.30800000000000E+0003
 4.83010000000000E+0004 1.31900000000000E+0003
 4.86010000000000E+0004 1.32800000000000E+0003
 4.89010000000000E+0004 1.33900000000000E+0003
 4.92010000000000E+0004 1.35100000000000E+0003
 4.95010000000000E+0004 1.36000000000000E+0003
 4.98010000000000E+0004 1.37100000000000E+0003
 5.01010000000000E+0004 1.37400000000000E+0003
 5.10010000000000E+0004 1.38800000000000E+0003
 5.13010000000000E+0004 1.39100000000000E+0003
 5.16010000000000E+0004 1.39200000000000E+0003
 5.22010000000000E+0004 1.39100000000000E+0003
 5.25010000000000E+0004 1.38800000000000E+0003
 5.28010000000000E+0004 1.38700000000000E+0003
 5.31010000000000E+0004 1.38000000000000E+0003
 5.37010000000000E+0004 1.36700000000000E+0003
 5.40010000000000E+0004 1.35900000000000E+0003
 5.46010000000000E+0004 1.34600000000000E+0003
 5.55010000000000E+0004 1.31700000000000E+0003
 5.58010000000000E+0004 1.30900000000000E+0003
 5.70010000000000E+0004 1.27500000000000E+0003
 5.73010000000000E+0004 1.27000000000000E+0003
 5.76010000000000E+0004 1.26500000000000E+0003
 5.82010000000000E+0004 1.25800000000000E+0003
 5.85010000000000E+0004 1.25700000000000E+0003
 5.88010000000000E+0004 1.25800000000000E+0003
 5.91010000000000E+0004 1.25800000000000E+0003
 5.94010000000000E+0004 1.26200000000000E+0003
 5.97010000000000E+0004 1.26300000000000E+0003
 6.00010000000000E+0004 1.26700000000000E+0003
 6.03010000000000E+0004 1.27200000000000E+0003
 6.06010000000000E+0004 1.28300000000000E+0003
 6.15010000000000E+0004 1.30200000000000E+0003
 6.18010000000000E+0004 1.31100000000000E+0003
 6.21010000000000E+0004 1.32100000000000E+0003
 6.24010000000000E+0004 1.33400000000000E+0003
 6.27010000000000E+0004 1.33900000000000E+0003
 6.30010000000000E+0004 1.35000000000000E+0003
 6.33010000000000E+0004 1.35700000000000E+0003
 6.45010000000000E+0004 1.38200000000000E+0003
 6.51010000000000E+0004 1.38700000000000E+0003
 6.54010000000000E+0004 1.38800000000000E+0003
 6.63010000000000E+0004 1.39100000000000E+0003
 6.66010000000000E+0004 1.38200000000000E+0003
 6.69010000000000E+0004 1.37700000000000E+0003
 6.72010000000000E+0004 1.37300000000000E+0003
 6.75010000000000E+0004 1.36600000000000E+0003
 6.78010000000000E+0004 1.36400000000000E+0003
 6.81010000000000E+0004 1.35100000000000E+0003
 6.84010000000000E+0004 1.34500000000000E+0003
 6.87010000000000E+0004 1.33500000000000E+0003
 6.93010000000000E+0004 1.31400000000000E+0003
 6.99010000000000E+0004 1.29700000000000E+0003
 7.02010000000000E+0004 1.28900000000000E+0003
 7.08010000000000E+0004 1.27500000000000E+0003
 7.11010000000000E+0004 1.27000000000000E+0003
 7.14010000000000E+0004 1.26400000000000E+0003
 7.17010000000000E+0004 1.26200000000000E+0003
 7.20010000000000E+0004 1.26100000000000E+0003
 7.23010000000000E+0004 1.25400000000000E+0003
 7.26010000000000E+0004 1.25300000000000E+0003
 7.29010000000000E+0004 1.25400000000000E+0003
 7.32010000000000E+0004 1.25600000000000E+0003
 7.35010000000000E+0004 1.25800000000000E+0003
 7.38010000000000E+0004 1.26300000000000E+0003
 7.41010000000000E+0004 1.26700000000000E+0003
 7.47010000000000E+0004 1.28500000000000E+0003
 7.50010000000000E+0004 1.28500000000000E+0003
 7.53010000000000E+0004 1.29300000000000E+0003
 7.56010000000000E+0004 1.30100000000000E+0003
 7.59010000000000E+0004 1.30900000000000E+0003
 7.62010000000000E+0004 1.31900000000000E+0003
 7.65010000000000E+0004 1.32600000000000E+0003
 7.74010000000000E+0004 1.35100000000000E+0003
 7.77010000000000E+0004 1.35800000000000E+0003
 7.80010000000000E+0004 1.36400000000000E+0003
 7.83010000000000E+0004 1.37300000000000E+0003
 7.89010000000000E+0004 1.37800000000000E+0003
 7.92010000000000E+0004 1.38300000000000E+0003
 7.95010000000000E+0004 1.38000000000000E+0003
 7.98010000000000E+0004 1.38000000000000E+0003
 8.01010000000000E+0004 1.37700000000000E+0003
 8.04010000000000E+0004 1.37800000000000E+0003
 8.07010000000000E+0004 1.37400000000000E+0003
 8.13010000000000E+0004 1.36400000000000E+0003
 8.16010000000000E+0004 1.35800000000000E+0003
 8.19010000000000E+0004 1.34900000000000E+0003
 8.22010000000000E+0004 1.34100000000000E+0003
 8.25010000000000E+0004 1.33400000000000E+0003
 8.28010000000000E+0004 1.33000000000000E+0003
 8.31010000000000E+0004 1.31900000000000E+0003
 8.37010000000000E+0004 1.30300000000000E+0003
 8.40010000000000E+0004 1.29600000000000E+0003
 8.43010000000000E+0004 1.28800000000000E+0003
 8.52010000000000E+0004 1.27600000000000E+0003
 8.61010000000000E+0004 1.27000000000000E+0003
 8.70010000000000E+0004 1.26500000000000E+0003
 8.73010000000000E+0004 1.26700000000000E+0003
 8.79010000000000E+0004 1.27300000000000E+0003
 8.82010000000000E+0004 1.27900000000000E+0003
 8.85010000000000E+0004 1.28700000000000E+0003
 8.88010000000000E+0004 1.29700000000000E+0003
 8.91010000000000E+0004 1.30600000000000E+0003
 8.94010000000000E+0004 1.31800000000000E+0003
 8.97010000000000E+0004 1.33100000000000E+0003
 9.00010000000000E+0004 1.34000000000000E+0003
 9.03010000000000E+0004 1.35100000000000E+0003
 9.09010000000000E+0004 1.36800000000000E+0003
 9.12010000000000E+0004 1.37600000000000E+0003
 9.15010000000000E+0004 1.38500000000000E+0003
 9.18010000000000E+0004 1.38900000000000E+0003
 9.24010000000000E+0004 1.39600000000000E+0003
 9.27010000000000E+0004 1.39800000000000E+0003
 9.30010000000000E+0004 1.39700000000000E+0003
 9.33010000000000E+0004 1.39500000000000E+0003
 9.36010000000000E+0004 1.39200000000000E+0003
 9.39010000000000E+0004 1.38800000000000E+0003
 9.45010000000000E+0004 1.37700000000000E+0003
 9.54010000000000E+0004 1.35000000000000E+0003
 9.69010000000000E+0004 1.30600000000000E+0003
 9.72010000000000E+0004 1.30000000000000E+0003
 9.75010000000000E+0004 1.28900000000000E+0003
 9.78010000000000E+0004 1.28200000000000E+0003
 9.81010000000000E+0004 1.27800000000000E+0003
 9.84010000000000E+0004 1.27200000000000E+0003
 9.87010000000000E+0004 1.26700000000000E+0003
 9.90010000000000E+0004 1.26400000000000E+0003
 9.93010000000000E+0004 1.26400000000000E+0003
 9.96010000000000E+0004 1.26400000000000E+0003
 1.00201000000000E+0005 1.26200000000000E+0003
 1.00501000000000E+0005 1.26500000000000E+0003
 1.00801000000000E+0005 1.27700000000000E+0003
 1.01701000000000E+0005 1.28500000000000E+0003
 1.02001000000000E+0005 1.29300000000000E+0003
 1.02601000000000E+0005 1.31300000000000E+0003
 1.02901000000000E+0005 1.31700000000000E+0003
 1.03801000000000E+0005 1.33800000000000E+0003
 1.04101000000000E+0005 1.34700000000000E+0003
 1.05001000000000E+0005 1.36000000000000E+0003
 1.06201000000000E+0005 1.36300000000000E+0003
 1.08901000000000E+0005 1.26100000000000E+0003
 1.09501000000000E+0005 1.22400000000000E+0003
 1.09801000000000E+0005 1.20500000000000E+0003
 1.10101000000000E+0005 1.18800000000000E+0003
 1.10401000000000E+0005 1.17200000000000E+0003
 1.10701000000000E+0005 1.15500000000000E+0003
 1.11001000000000E+0005 1.13500000000000E+0003
 1.11301000000000E+0005 1.11900000000000E+0003
 1.11601000000000E+0005 1.10400000000000E+0003
 1.11901000000000E+0005 1.09000000000000E+0003
 1.12801000000000E+0005 1.05400000000000E+0003
 1.13101000000000E+0005 1.04700000000000E+0003
 1.13401000000000E+0005 1.04000000000000E+0003
 1.13701000000000E+0005 1.03800000000000E+0003
 1.14001000000000E+0005 1.03900000000000E+0003
 1.14301000000000E+0005 1.04000000000000E+0003
 1.14601000000000E+0005 1.04300000000000E+0003
 1.15201000000000E+0005 1.05800000000000E+0003
 1.15501000000000E+0005 1.07000000000000E+0003
 1.15801000000000E+0005 1.08100000000000E+0003
 1.16101000000000E+0005 1.09900000000000E+0003
 1.16401000000000E+0005 1.10800000000000E+0003
 1.16701000000000E+0005 1.12600000000000E+0003
 1.17001000000000E+0005 1.14200000000000E+0003
 1.17301000000000E+0005 1.15800000000000E+0003
 1.17601000000000E+0005 1.17400000000000E+0003
 1.17901000000000E+0005 1.18800000000000E+0003
 1.18201000000000E+0005 1.20100000000000E+0003
 1.18501000000000E+0005 1.21400000000000E+0003
 1.18801000000000E+0005 1.22500000000000E+0003
 1.19101000000000E+0005 1.23400000000000E+0003
 1.19401000000000E+0005 1.24300000000000E+0003
 1.19701000000000E+0005 1.24900000000000E+0003
 1.20001000000000E+0005 1.25500000000000E+0003
 1.20301000000000E+0005 1.25800000000000E+0003
 1.20601000000000E+0005 1.25900000000000E+0003
 1.20901000000000E+0005 1.25900000000000E+0003
 1.21801000000000E+0005 1.25000000000000E+0003
 1.22101000000000E+0005 1.24300000000000E+0003
 1.22401000000000E+0005 1.23500000000000E+0003
 1.22701000000000E+0005 1.22400000000000E+0003
 1.23001000000000E+0005 1.21200000000000E+0003
 1.23301000000000E+0005 1.20000000000000E+0003
 1.23601000000000E+0005 1.18400000000000E+0003
 1.23901000000000E+0005 1.17000000000000E+0003
 1.24501000000000E+0005 1.14300000000000E+0003
 1.24801000000000E+0005 1.12900000000000E+0003
 1.25101000000000E+0005 1.11600000000000E+0003
 1.26001000000000E+0005 1.08400000000000E+0003
 1.26301000000000E+0005 1.07700000000000E+0003
 1.26601000000000E+0005 1.07100000000000E+0003
 1.26901000000000E+0005 1.06600000000000E+0003
 1.27501000000000E+0005 1.06200000000000E+0003
 1.27801000000000E+0005 1.06600000000000E+0003
 1.28101000000000E+0005 1.07000000000000E+0003
 1.28401000000000E+0005 1.07400000000000E+0003
 1.28701000000000E+0005 1.08100000000000E+0003
 1.29001000000000E+0005 1.08900000000000E+0003
 1.29301000000000E+0005 1.09800000000000E+0003
 1.29601000000000E+0005 1.11200000000000E+0003
 1.29901000000000E+0005 1.12000000000000E+0003
 1.30801000000000E+0005 1.15900000000000E+0003
 1.31101000000000E+0005 1.17400000000000E+0003
 1.31401000000000E+0005 1.18600000000000E+0003
 1.32001000000000E+0005 1.20900000000000E+0003
 1.32301000000000E+0005 1.22200000000000E+0003
 1.32601000000000E+0005 1.23100000000000E+0003
 1.32901000000000E+0005 1.24200000000000E+0003
 1.33801000000000E+0005 1.25800000000000E+0003
 1.34101000000000E+0005 1.26000000000000E+0003
 1.34401000000000E+0005 1.26600000000000E+0003
 1.34701000000000E+0005 1.26000000000000E+0003
 1.35001000000000E+0005 1.25700000000000E+0003
 1.35301000000000E+0005 1.25400000000000E+0003
 1.36201000000000E+0005 1.23400000000000E+0003
 1.36501000000000E+0005 1.22500000000000E+0003
 1.36801000000000E+0005 1.21600000000000E+0003
 1.37101000000000E+0005 1.20500000000000E+0003
 1.37401000000000E+0005 1.19100000000000E+0003
 1.37701000000000E+0005 1.18200000000000E+0003
 1.38001000000000E+0005 1.16700000000000E+0003
 1.38301000000000E+0005 1.15400000000000E+0003
 1.38601000000000E+0005 1.14400000000000E+0003
 1.38901000000000E+0005 1.13200000000000E+0003
 1.39201000000000E+0005 1.12000000000000E+0003
 1.39501000000000E+0005 1.11000000000000E+0003
 1.39801000000000E+0005 1.10300000000000E+0003
 1.40101000000000E+0005 1.09500000000000E+0003
 1.40401000000000E+0005 1.08900000000000E+0003
 1.40701000000000E+0005 1.08500000000000E+0003
 1.41001000000000E+0005 1.07900000000000E+0003
 1.41301000000000E+0005 1.07700000000000E+0003
 1.41601000000000E+0005 1.07500000000000E+0003
 1.41901000000000E+0005 1.07800000000000E+0003
 1.42801000000000E+0005 1.08700000000000E+0003
 1.43101000000000E+0005 1.09400000000000E+0003
 1.43401000000000E+0005 1.10400000000000E+0003
 1.43701000000000E+0005 1.11300000000000E+0003
 1.44001000000000E+0005 1.12300000000000E+0003
 1.44301000000000E+0005 1.13300000000000E+0003
 1.44901000000000E+0005 1.15700000000000E+0003
 1.45201000000000E+0005 1.16800000000000E+0003
 1.45501000000000E+0005 1.18100000000000E+0003
 1.45801000000000E+0005 1.19000000000000E+0003
 1.46101000000000E+0005 1.20300000000000E+0003
 1.46401000000000E+0005 1.21200000000000E+0003
 1.46701000000000E+0005 1.22200000000000E+0003
 1.47001000000000E+0005 1.22800000000000E+0003
 1.47601000000000E+0005 1.24200000000000E+0003
 1.47901000000000E+0005 1.24300000000000E+0003
 1.48201000000000E+0005 1.24600000000000E+0003
 1.48501000000000E+0005 1.24500000000000E+0003
 1.48801000000000E+0005 1.24400000000000E+0003
 1.49101000000000E+0005 1.24200000000000E+0003
 1.49401000000000E+0005 1.23800000000000E+0003
 1.49701000000000E+0005 1.23100000000000E+0003
 1.50301000000000E+0005 1.22300000000000E+0003
 1.50901000000000E+0005 1.19900000000000E+0003
 1.51201000000000E+0005 1.18800000000000E+0003
 1.51801000000000E+0005 1.16800000000000E+0003
 1.52101000000000E+0005 1.15800000000000E+0003
 1.52401000000000E+0005 1.14700000000000E+0003
 1.52701000000000E+0005 1.13900000000000E+0003
 1.53301000000000E+0005 1.12000000000000E+0003
 1.53601000000000E+0005 1.11300000000000E+0003
 1.53901000000000E+0005 1.10700000000000E+0003
 1.54201000000000E+0005 1.10200000000000E+0003
 1.54801000000000E+0005 1.09500000000000E+0003
 1.55101000000000E+0005 1.09400000000000E+0003
 1.55701000000000E+0005 1.09400000000000E+0003
 1.56001000000000E+0005 1.09700000000000E+0003
 1.56301000000000E+0005 1.10300000000000E+0003
 1.56901000000000E+0005 1.11100000000000E+0003
 1.57201000000000E+0005 1.11900000000000E+0003
 1.57501000000000E+0005 1.12600000000000E+0003
 1.57801000000000E+0005 1.13600000000000E+0003
 1.58101000000000E+0005 1.14200000000000E+0003
 1.58401000000000E+0005 1.14900000000000E+0003
 1.59001000000000E+0005 1.16500000000000E+0003
 1.59301000000000E+0005 1.17000000000000E+0003
 1.59901000000000E+0005 1.18700000000000E+0003
 1.60201000000000E+0005 1.19200000000000E+0003
 1.60501000000000E+0005 1.19800000000000E+0003
 1.60801000000000E+0005 1.20400000000000E+0003
 1.61101000000000E+0005 1.21000000000000E+0003
 1.61701000000000E+0005 1.21800000000000E+0003
 1.62001000000000E+0005 1.22100000000000E+0003
 1.62301000000000E+0005 1.22400000000000E+0003
 1.62601000000000E+0005 1.22300000000000E+0003
 1.62901000000000E+0005 1.22300000000000E+0003
 1.63501000000000E+0005 1.22100000000000E+0003
 1.63801000000000E+0005 1.21600000000000E+0003
 1.64101000000000E+0005 1.21000000000000E+0003
 1.64401000000000E+0005 1.20600000000000E+0003
 1.64701000000000E+0005 1.19900000000000E+0003
 1.65001000000000E+0005 1.19200000000000E+0003
 1.65301000000000E+0005 1.18800000000000E+0003
 1.65601000000000E+0005 1.17600000000000E+0003
 1.65901000000000E+0005 1.17000000000000E+0003
 1.66201000000000E+0005 1.16100000000000E+0003
 1.66501000000000E+0005 1.15500000000000E+0003
 1.66801000000000E+0005 1.14600000000000E+0003
 1.67101000000000E+0005 1.13900000000000E+0003
 1.67401000000000E+0005 1.13400000000000E+0003
 1.67701000000000E+0005 1.12800000000000E+0003
 1.68001000000000E+0005 1.12200000000000E+0003
 1.68301000000000E+0005 1.11700000000000E+0003
 1.68901000000000E+0005 1.11100000000000E+0003
 1.69801000000000E+0005 1.11100000000000E+0003
 1.70101000000000E+0005 1.11600000000000E+0003
 1.70401000000000E+0005 1.11400000000000E+0003
 1.70701000000000E+0005 1.11800000000000E+0003
 1.71001000000000E+0005 1.12200000000000E+0003
 1.71301000000000E+0005 1.12700000000000E+0003
 1.71601000000000E+0005 1.13200000000000E+0003
 1.71901000000000E+0005 1.14000000000000E+0003
 1.72201000000000E+0005 1.14700000000000E+0003
 1.72501000000000E+0005 1.15400000000000E+0003
 1.73101000000000E+0005 1.16900000000000E+0003
 1.73401000000000E+0005 1.17600000000000E+0003
 1.74001000000000E+0005 1.18800000000000E+0003
 1.74301000000000E+0005 1.19400000000000E+0003
 1.74601000000000E+0005 1.19900000000000E+0003
 1.74901000000000E+0005 1.20100000000000E+0003
 1.75501000000000E+0005 1.20500000000000E+0003
 1.75801000000000E+0005 1.20700000000000E+0003
 1.76401000000000E+0005 1.20700000000000E+0003
 1.76701000000000E+0005 1.20700000000000E+0003
 1.77001000000000E+0005 1.20400000000000E+0003
 1.77301000000000E+0005 1.20000000000000E+0003
 1.77601000000000E+0005 1.19800000000000E+0003
 1.77901000000000E+0005 1.19300000000000E+0003
 1.78201000000000E+0005 1.18800000000000E+0003
 1.78501000000000E+0005 1.18300000000000E+0003
 1.78801000000000E+0005 1.17600000000000E+0003
 1.79101000000000E+0005 1.17100000000000E+0003
 1.79401000000000E+0005 1.16300000000000E+0003
 1.79701000000000E+0005 1.16200000000000E+0003
 1.80001000000000E+0005 1.15200000000000E+0003
 1.80301000000000E+0005 1.14600000000000E+0003
 1.80601000000000E+0005 1.14200000000000E+0003
 1.80901000000000E+0005 1.13700000000000E+0003
 1.81201000000000E+0005 1.13400000000000E+0003
 1.81501000000000E+0005 1.13100000000000E+0003
 1.81801000000000E+0005 1.13300000000000E+0003
 1.82101000000000E+0005 1.12800000000000E+0003
 1.82401000000000E+0005 1.12700000000000E+0003
 1.82701000000000E+0005 1.13000000000000E+0003
 1.83001000000000E+0005 1.12600000000000E+0003
 1.83301000000000E+0005 1.12700000000000E+0003
 1.83601000000000E+0005 1.12900000000000E+0003
 1.83901000000000E+0005 1.13200000000000E+0003
 1.84201000000000E+0005 1.13500000000000E+0003
 1.84501000000000E+0005 1.13900000000000E+0003
 1.85101000000000E+0005 1.15100000000000E+0003
 1.86001000000000E+0005 1.16200000000000E+0003
 1.86301000000000E+0005 1.16600000000000E+0003
 1.86901000000000E+0005 1.17700000000000E+0003
 1.87201000000000E+0005 1.18100000000000E+0003
 1.87501000000000E+0005 1.18900000000000E+0003
 1.88101000000000E+0005 1.19200000000000E+0003
 1.88701000000000E+0005 1.19600000000000E+0003
 1.89001000000000E+0005 1.19700000000000E+0003
 1.89301000000000E+0005 1.19500000000000E+0003
 1.89601000000000E+0005 1.19300000000000E+0003
 1.89901000000000E+0005 1.19300000000000E+0003
 1.90201000000000E+0005 1.19100000000000E+0003
 1.90501000000000E+0005 1.18800000000000E+0003
 1.90801000000000E+0005 1.18900000000000E+0003
 1.91101000000000E+0005 1.18200000000000E+0003
 1.91401000000000E+0005 1.17900000000000E+0003
 1.91701000000000E+0005 1.17300000000000E+0003
 1.92001000000000E+0005 1.17300000000000E+0003
 1.92601000000000E+0005 1.16100000000000E+0003
 1.92901000000000E+0005 1.15400000000000E+0003
 1.93201000000000E+0005 1.14900000000000E+0003
 1.93501000000000E+0005 1.14500000000000E+0003
 1.93801000000000E+0005 1.14200000000000E+0003
 1.94101000000000E+0005 1.13800000000000E+0003
 1.94701000000000E+0005 1.13200000000000E+0003
 1.95001000000000E+0005 1.13000000000000E+0003
 1.96501000000000E+0005 1.13200000000000E+0003
 1.96801000000000E+0005 1.13500000000000E+0003
 1.97101000000000E+0005 1.13500000000000E+0003
 1.97401000000000E+0005 1.13900000000000E+0003
 1.97701000000000E+0005 1.14200000000000E+0003
 1.98001000000000E+0005 1.14600000000000E+0003
 1.98601000000000E+0005 1.15500000000000E+0003
 1.98901000000000E+0005 1.15800000000000E+0003
 1.99201000000000E+0005 1.16300000000000E+0003
 1.99501000000000E+0005 1.16800000000000E+0003
 1.99801000000000E+0005 1.17200000000000E+0003
 2.00101000000000E+0005 1.17600000000000E+0003
 2.00401000000000E+0005 1.18000000000000E+0003
 2.00701000000000E+0005 1.18600000000000E+0003
 2.01001000000000E+0005 1.18600000000000E+0003
 2.01301000000000E+0005 1.18800000000000E+0003
 2.01601000000000E+0005 1.19100000000000E+0003
 2.01901000000000E+0005 1.18500000000000E+0003
 2.02201000000000E+0005 1.17900000000000E+0003
 2.02501000000000E+0005 1.17000000000000E+0003
 2.02801000000000E+0005 1.16300000000000E+0003
 2.03101000000000E+0005 1.15600000000000E+0003
 2.03401000000000E+0005 1.15100000000000E+0003
 2.03701000000000E+0005 1.14200000000000E+0003
 2.04001000000000E+0005 1.13600000000000E+0003
 2.04301000000000E+0005 1.12300000000000E+0003
 2.04601000000000E+0005 1.10700000000000E+0003
 2.04901000000000E+0005 1.09200000000000E+0003
 2.05501000000000E+0005 1.06700000000000E+0003
 2.05801000000000E+0005 1.05700000000000E+0003
 2.06101000000000E+0005 1.04900000000000E+0003
 2.06401000000000E+0005 1.04300000000000E+0003
 2.07301000000000E+0005 1.03900000000000E+0003
 2.07601000000000E+0005 1.04300000000000E+0003
 2.07901000000000E+0005 1.05000000000000E+0003
 2.09101000000000E+0005 1.09000000000000E+0003
 2.09401000000000E+0005 1.10700000000000E+0003
 2.09701000000000E+0005 1.12000000000000E+0003
 2.10001000000000E+0005 1.14000000000000E+0003
 2.10301000000000E+0005 1.15300000000000E+0003
 2.10601000000000E+0005 1.17000000000000E+0003
 2.11501000000000E+0005 1.21700000000000E+0003
 2.11801000000000E+0005 1.23500000000000E+0003
 2.12401000000000E+0005 1.25600000000000E+0003
 2.12701000000000E+0005 1.26400000000000E+0003
 2.13001000000000E+0005 1.27300000000000E+0003
 2.13301000000000E+0005 1.28000000000000E+0003
 2.13901000000000E+0005 1.28700000000000E+0003
 2.14501000000000E+0005 1.28000000000000E+0003
 2.15101000000000E+0005 1.26000000000000E+0003
 2.15401000000000E+0005 1.25100000000000E+0003
 2.15701000000000E+0005 1.23900000000000E+0003
 2.16001000000000E+0005 1.22800000000000E+0003
 2.16301000000000E+0005 1.21300000000000E+0003
 2.16601000000000E+0005 1.19700000000000E+0003
 2.16901000000000E+0005 1.18700000000000E+0003
 2.17201000000000E+0005 1.16700000000000E+0003
 2.17501000000000E+0005 1.15000000000000E+0003
 2.17801000000000E+0005 1.13700000000000E+0003
 2.18101000000000E+0005 1.12100000000000E+0003
 2.18401000000000E+0005 1.10600000000000E+0003
 2.19601000000000E+0005 1.06400000000000E+0003
 2.20201000000000E+0005 1.05300000000000E+0003
 2.20501000000000E+0005 1.05700000000000E+0003
 2.20801000000000E+0005 1.05200000000000E+0003
 2.21101000000000E+0005 1.05600000000000E+0003
 2.21401000000000E+0005 1.06300000000000E+0003
 2.21701000000000E+0005 1.07500000000000E+0003
 2.24401000000000E+0005 1.24800000000000E+0003
 2.24701000000000E+0005 1.26900000000000E+0003
 2.25001000000000E+0005 1.29500000000000E+0003
 2.25301000000000E+0005 1.31600000000000E+0003
 2.25901000000000E+0005 1.36100000000000E+0003
 2.28601000000000E+0005 1.47800000000000E+0003
 2.29501000000000E+0005 1.47200000000000E+0003
 2.31001000000000E+0005 1.40500000000000E+0003
 2.31301000000000E+0005 1.38800000000000E+0003
 2.31901000000000E+0005 1.34800000000000E+0003
 2.32201000000000E+0005 1.33000000000000E+0003
 2.32501000000000E+0005 1.30900000000000E+0003
 2.32801000000000E+0005 1.29000000000000E+0003
 2.33401000000000E+0005 1.25200000000000E+0003
 2.34001000000000E+0005 1.22000000000000E+0003
 2.34601000000000E+0005 1.19600000000000E+0003
 2.34901000000000E+0005 1.18800000000000E+0003
 2.35801000000000E+0005 1.17900000000000E+0003
 2.36101000000000E+0005 1.18600000000000E+0003
 2.36401000000000E+0005 1.18900000000000E+0003
 2.36701000000000E+0005 1.19500000000000E+0003
 2.37601000000000E+0005 1.23200000000000E+0003
 2.37901000000000E+0005 1.24800000000000E+0003
 2.39101000000000E+0005 1.32100000000000E+0003
 2.39401000000000E+0005 1.34000000000000E+0003
 2.39701000000000E+0005 1.35900000000000E+0003
 2.40301000000000E+0005 1.39500000000000E+0003
 2.41201000000000E+0005 1.43500000000000E+0003
 2.41501000000000E+0005 1.44800000000000E+0003
 2.41801000000000E+0005 1.45300000000000E+0003
 2.43001000000000E+0005 1.45500000000000E+0003
 2.44201000000000E+0005 1.42000000000000E+0003
 2.44801000000000E+0005 1.39100000000000E+0003
 2.45401000000000E+0005 1.35600000000000E+0003
 2.46001000000000E+0005 1.32000000000000E+0003
 2.46301000000000E+0005 1.30200000000000E+0003
 2.46601000000000E+0005 1.28500000000000E+0003
 2.46901000000000E+0005 1.26800000000000E+0003
 2.47201000000000E+0005 1.25400000000000E+0003
 2.47501000000000E+0005 1.23800000000000E+0003
 2.47801000000000E+0005 1.22500000000000E+0003
 2.48701000000000E+0005 1.19900000000000E+0003
 2.49001000000000E+0005 1.19400000000000E+0003
 2.49301000000000E+0005 1.19200000000000E+0003
 2.49601000000000E+0005 1.19400000000000E+0003
 2.49901000000000E+0005 1.19700000000000E+0003
 2.50201000000000E+0005 1.20300000000000E+0003
 2.50501000000000E+0005 1.21000000000000E+0003
 2.50801000000000E+0005 1.21900000000000E+0003
 2.51101000000000E+0005 1.23200000000000E+0003
 2.51401000000000E+0005 1.24400000000000E+0003
 2.51701000000000E+0005 1.25800000000000E+0003
 2.52001000000000E+0005 1.27400000000000E+0003
 2.52301000000000E+0005 1.29100000000000E+0003
 2.52601000000000E+0005 1.31000000000000E+0003
 2.52901000000000E+0005 1.32600000000000E+0003
 2.53201000000000E+0005 1.34300000000000E+0003
 2.54101000000000E+0005 1.39000000000000E+0003
 2.54701000000000E+0005 1.41800000000000E+0003
 2.55001000000000E+0005 1.42700000000000E+0003
 2.55301000000000E+0005 1.43300000000000E+0003
 2.55901000000000E+0005 1.44400000000000E+0003
 2.56501000000000E+0005 1.44600000000000E+0003
 2.56801000000000E+0005 1.44100000000000E+0003
 2.57101000000000E+0005 1.43600000000000E+0003
 2.57401000000000E+0005 1.42900000000000E+0003
 2.58001000000000E+0005 1.41200000000000E+0003
 2.58601000000000E+0005 1.38600000000000E+0003
 2.58901000000000E+0005 1.37200000000000E+0003
 2.59201000000000E+0005 1.35200000000000E+0003
 2.59501000000000E+0005 1.33600000000000E+0003
 2.59801000000000E+0005 1.32600000000000E+0003
 2.60101000000000E+0005 1.30500000000000E+0003
 2.60401000000000E+0005 1.28800000000000E+0003
 2.60701000000000E+0005 1.27400000000000E+0003
 2.61001000000000E+0005 1.26000000000000E+0003
 2.61301000000000E+0005 1.24900000000000E+0003
